2401037440,20044;2401031552,20072;2401037376,20100;2401035776,20202;2401030144,20396;2401039296,20407;2401036672,20457;2401030464,20472;2401033408,20514;2401033664,20545;2401032704,20821;2401031040,21017;2401030208,21151;2401039424,21206;2401039232,21211;2401037120,21232;2401031488,21252;2401035520,21352;2401033728,21391;2401039104,21421;2401033088,21474;2401031872,21476;2401035328,21516;2401031744,21542;2401031232,21565;2401034432,21638;2401039744,21767;2401038912,21834;2401031104,21893;2401031808,21907;2401035968,21924;2401034752,22058;2401036224,22090;2401030784,22200;2401034240,22222;2401035200,22245;2401030912,22300
2401032641,20006;2401036545,20009;2401032833,20070;2401036161,20110;2401032129,20125;2401030017,20215;2401038721,20298;2401039361,20320;2401033217,20388;2401035905,20420;2401031041,20484;2401037121,20501;2401039425,20551;2401035841,20609;2401039873,20653;2401034049,20747;2401039809,20884;2401037249,20905;2401031169,20971;2401036865,20983;2401032769,21073;2401034689,21112;2401036737,21472;2401030145,21592;2401034817,21665;2401032577,21680;2401033473,21700;2401035201,21717;2401035521,21837;2401033153,21852;2401032321,22100;2401030081,22142;2401031489,22160;2401034369,22223;2401037953,22239;2401038529,22307
2401037698,20038;2401032834,20217;2401036418,20342;2401034754,20414;2401033218,20491;2401038850,20502;2401032386,20504;2401036674,20682;2401037314,20734;2401034562,20952;2401036482,20953;2401037762,20980;2401030210,21134;2401038466,21135;2401035202,21218;2401039042,21265;2401030146,21315;2401031682,21338;2401034242,21350;2401039362,21353;2401032194,21445;2401034626,21469;2401039490,21492;2401031618,21509;2401033986,21589;2401034178,21607;2401038402,21796;2401033474,21799;2401030402,21808;2401035458,21881;2401031170,21887;2401033602,21902;2401033794,21938;2401038082,21987;2401039554,22016;2401035906,22241;2401031234,22261
2401037379,20080;2401038467,20108;2401039043,20138;2401039683,20312;2401031299,20329;2401035395,20392;2401038147,20612;2401039107,20706;2401034755,20713;2401033539,20744;2401033987,20775;2401031107,20913;2401035331,20914;2401035971,21015;2401031491,21064;2401034691,21095;2401035651,21096;2401030723,21120;2401037507,21142;2401034883,21163;2401035587,21175;2401037955,21330;2401039747,21335;2401033603,21369;2401034499,21397;2401032643,21415;2401038083,21453;2401037635,21461;2401036483,21499;2401036803,21555;2401036099,21683;2401032707,21777;2401039939,21847;2401034371,21878;2401033859,21946;2401037315,21952;2401036355,22092;2401030083,22093;2401030211,22095;2401033155,22176;2401034051,22299
2401030212,20012;2401030148,20018;2401032580,20179;2401032068,20203;2401036932,20226;2401030724,20227;2401032388,20780;2401032004,20870;2401037508,20970;2401030084,21043;2401033668,21065;2401031492,21130;2401033924,21236;2401038916,21240;2401033284,21278;2401030916,21432;2401033156,21458;2401030788,21508;2401039236,21659;2401032836,21668;2401034308,21719;2401034436,21737;2401035716,21769;2401036612,21815;2401033476,21929;2401030468,22104;2401035012,22146;2401033988,22217;2401033860,22291
2401032069,20051;2401038405,20078;2401036037,20340;2401032901,20345;2401030469,20386;2401038981,20471;2401030853,20478;2401030341,20720;2401035589,20770;2401036229,20828;2401031685,20868;2401037061,20872;2401034437,20934;2401038021,20950;2401033925,20962;2401030725,21032;2401030277,21070;2401032005,21153;2401033797,21170;2401038725,21207;2401032389,21271;2401030405,21360;2401038661,21412;2401030021,21447;2401038277,21471;2401030213,21484;2401038917,21643;2401037829,21644;2401039109,21679;2401037509,21708;2401039173,21900;2401031749,21933;2401038085,22018;2401034885,22022;2401035845,22129;2401037573,22221
2401039302,20021;2401030982,20034;2401030342,20037;2401034438,20046;2401033798,20090;2401030918,20220;2401031046,20238;2401034822,20276;2401035654,20300;2401036806,20330;2401034374,20335;2401038342,20574;2401030022,20708;2401036934,20756;2401037702,20793;2401032902,20797;2401038150,20881;2401033414,20892;2401039366,21027;2401039430,21039;2401031942,21071;2401031750,21124;2401037638,21168;2401031686,21177;2401034054,21312;2401034566,21337;2401032838,21357;2401034758,21520;2401037766,21578;2401037126,21735;2401030662,21766;2401036998,21950;2401035270,21973;2401030470,22072;2401037894,22134;2401036486,22145;2401032006,22325;2401033158,22335
2401038727,20025;2401031495,20142;2401030663,20181;2401030279,20190;2401036551,20295;2401037191,20344;2401031239,20366;2401038535,20474;2401038983,20558;2401038791,20573;2401034759,20773;2401033031,20901;2401033991,21244;2401033607,21303;2401039687,21307;2401030855,21372;2401035527,21381;2401039239,21511;2401034951,21794;2401030471,21846;2401036807,21899;2401033479,21912;2401031815,21974;2401031303,22010;2401037511,22135;2401035015,22199;2401033095,22220;2401035271,22257;2401032967,22314
2401032776,20047;2401035592,20103;2401036040,20107;2401036424,20116;2401034184,20121;2401035144,20174;2401037064,20185;2401038536,20189;2401038600,20192;2401037384,20224;2401038216,20353;2401031688,20668;2401034504,20692;2401032136,20830;2401034696,20858;2401032904,20861;2401036872,20937;2401033288,21002;2401032264,21007;2401036680,21031;2401036104,21107;2401032840,21128;2401033160,21306;2401037960,21329;2401031176,21409;2401031112,21503;2401030536,21519;2401035464,21582;2401033224,21646;2401039688,21877;2401038344,21896;2401034824,21994;2401035656,22079;2401034952,22144;2401031240,22212;2401032712,22256;2401033864,22306
2401037577,20042;2401036361,20092;2401031433,20126;2401030089,20176;2401035465,20488;2401030025,20567;2401032393,20627;2401032457,20652;2401030409,20727;2401033161,20742;2401037833,20873;2401039177,20879;2401033801,20919;2401035913,20958;2401038025,20985;2401030921,21020;2401038345,21254;2401032073,21255;2401039305,21388;2401038985,21416;2401037065,21527;2401037897,21535;2401038729,21640;2401034505,21722;2401034697,21783;2401032201,21820;2401030537,21848;2401031561,21857;2401030857,21906;2401033289,22080;2401035785,22087;2401036489,22110
2401031114,20131;2401037706,20299;2401039882,20412;2401038090,20458;2401031946,20527;2401037002,20532;2401034250,20564;2401035978,20576;2401030794,20656;2401038922,20810;2401035018,20824;2401034442,20835;2401035786,20909;2401038410,20921;2401030218,20994;2401038282,20999;2401039114,21023;2401035146,21237;2401037258,21239;2401036618,21263;2401036490,21313;2401035082,21398;2401037386,21470;2401032586,21486;2401037066,21561;2401034058,21705;2401035274,21768;2401031434,21791;2401037130,21830;2401036746,21831;2401037898,21911;2401034890,21979;2401032714,21985;2401038794,22143;2401030922,22252
2401036491,20139;2401031435,20177;2401032907,20205;2401030987,20211;2401033611,20214;2401030091,20249;2401039435,20363;2401032331,20375;2401039947,20393;2401033803,20417;2401032395,20500;2401030539,20537;2401039691,20592;2401030475,20615;2401038859,20667;2401038987,20690;2401033035,20695;2401036619,20718;2401036427,20803;2401035851,20827;2401034379,21005;2401031691,21220;2401037899,21479;2401038347,21623;2401034635,21660;2401032459,21758;2401038603,21836;2401038091,21849;2401037131,21891;2401035275,21927;2401038475,21945;2401038027,22077;2401031243,22117;2401035339,22235;2401037515,22308;2401039179,22327
2401031692,20076;2401037836,20082;2401032524,20086;2401039436,20148;2401034764,20162;2401030924,20265;2401039756,20490;2401030156,20617;2401030796,20694;2401035404,20702;2401036812,20746;2401038028,20757;2401033356,20759;2401031244,20805;2401039244,20841;2401034444,21072;2401030668,21080;2401038476,21091;2401031436,21164;2401030860,21179;2401032204,21186;2401031500,21190;2401038988,21346;2401038412,21491;2401037772,21545;2401036108,21784;2401034828,21882;2401037004,21980;2401038604,22132;2401031820,22262;2401037964,22287
2401034189,20094;2401034893,20112;2401034957,20114;2401039629,20350;2401039181,20352;2401035661,20369;2401035405,20436;2401032589,20453;2401034125,20526;2401033997,20629;2401034765,20709;2401030605,20751;2401037517,20815;2401036749,20831;2401032845,20856;2401034509,20900;2401030157,20944;2401035533,21137;2401031693,21331;2401039565,21344;2401037069,21426;2401039437,21500;2401035981,21616;2401035341,21641;2401032717,21649;2401032269,21674;2401032653,21748;2401037773,21825;2401031309,21838;2401037197,21999;2401036045,22002;2401039949,22026;2401038669,22056;2401036493,22133;2401030541,22196;2401031629,22265;2401032973,22273
2401036238,20045;2401034510,20074;2401039310,20132;2401039566,20161;2401033038,20193;2401030862,20194;2401035406,20464;2401034446,20477;2401035470,20506;2401032334,20560;2401034318,20566;2401031630,20666;2401039438,20925;2401031566,20981;2401039886,21001;2401031822,21158;2401037262,21296;2401035598,21531;2401030030,21654;2401032654,21672;2401038670,21698;2401033102,21721;2401038222,21811;2401039950,21853;2401034190,21916;2401037518,21925;2401033678,21959;2401034702,21968;2401035086,22061;2401033230,22099;2401036622,22328
2401030607,20030;2401034191,20124;2401035471,20156;2401031119,20351;2401039119,20359;2401031055,20371;2401030415,20450;2401035407,20544;2401035279,20584;2401039567,20588;2401039951,20602;2401038991,20657;2401036559,20684;2401030991,20787;2401036111,21019;2401032015,21047;2401039503,21150;2401037711,21192;2401031375,21223;2401037775,21231;2401036879,21251;2401032719,21327;2401034255,21343;2401038095,21347;2401032463,21384;2401030031,21386;2401036239,21463;2401032399,21487;2401037583,21513;2401031311,21515;2401038927,21518;2401037519,21575;2401034575,21619;2401036495,21630;2401033615,21661;2401035919,21677;2401032975,21694;2401035983,21702;2401030351,21856;2401036431,21879;2401036751,21983;2401037007,22036;2401034511,22091;2401033551,22115;2401033103,22184
2401039120,20263;2401032656,20347;2401031888,20374;2401037456,20476;2401039376,20555;2401036752,20659;2401032208,20697;2401034064,20772;2401035024,20860;2401032400,20915;2401034832,20961;2401034896,21021;2401033936,21227;2401039632,21228;2401031568,21373;2401036240,21475;2401031632,21526;2401034576,21537;2401032080,21593;2401036304,21756;2401039504,21875;2401037008,21880;2401030800,21920;2401037648,21981;2401038096,22052;2401030608,22075;2401037200,22140;2401032592,22148;2401039248,22232;2401038416,22247;2401036432,22259;2401036816,22275;2401030032,22302
2401035601,20052;2401035665,20105;2401031249,20146;2401039633,20197;2401031505,20237;2401034129,20303;2401036049,20319;2401034769,20358;2401033425,20379;2401033937,20390;2401037329,20579;2401032209,20705;2401030801,20920;2401030417,20951;2401039569,20997;2401037585,21068;2401031889,21089;2401034065,21194;2401030993,21197;2401036177,21348;2401030673,21538;2401034897,21548;2401036753,21625;2401034385,21631;2401039825,21642;2401035857,21662;2401036497,21723;2401039249,21792;2401038865,21835;2401032977,21895;2401034001,21966;2401035729,22051;2401039889,22182;2401038609,22246;2401032337,22301
2401032594,20098;2401030546,20101;2401035858,20118;2401035794,20159;2401033874,20301;2401036754,20304;2401038418,20327;2401035282,20376;2401031762,20398;2401036562,20444;2401038162,20497;2401034514,20510;2401033682,20540;2401032978,20548;2401034322,20559;2401032466,20683;2401030866,20769;2401038610,20774;2401034898,20973;2401030034,20987;2401031826,21003;2401035730,21074;2401033618,21093;2401035986,21119;2401039570,21133;2401033298,21241;2401030610,21322;2401033746,21401;2401032082,21417;2401037522,21439;2401036882,21440;2401035026,21457;2401034130,21493;2401036306,21550;2401032210,21726;2401036242,21749;2401031314,21772;2401037266,21886;2401030290,21937;2401036690,22003;2401033170,22008;2401036946,22045;2401033490,22231;2401033938,22263;2401037394,22279;2401032658,22315;2401037970,22316;2401033106,22320
2401037651,20085;2401034515,20172;2401038931,20234;2401030419,20259;2401031827,20279;2401038867,20287;2401034259,20321;2401032531,20362;2401036627,20387;2401038163,20441;2401035411,20448;2401037907,20452;2401038291,20493;2401036499,20595;2401036691,20603;2401035475,20646;2401036819,20670;2401039571,20753;2401033683,20765;2401037523,20822;2401033747,20968;2401032787,20974;2401032915,21067;2401035859,21148;2401032339,21184;2401030611,21290;2401036947,21349;2401032659,21364;2401038099,21574;2401039059,21669;2401032019,21675;2401032851,21754;2401038803,21798;2401033171,21961;2401036755,22082;2401033939,22136;2401039699,22204
2401031636,20017;2401039124,20050;2401038100,20054;2401035156,20150;2401033812,20231;2401039828,20266;2401031892,20294;2401038292,20308;2401036884,20378;2401032148,20556;2401032212,20677;2401030548,20764;2401031700,20859;2401031764,20883;2401039572,20932;2401039892,20959;2401030996,21024;2401033620,21229;2401030932,21295;2401037332,21374;2401034836,21379;2401038676,21494;2401031956,21512;2401030612,21612;2401035732,21614;2401038420,21753;2401033876,21789;2401033748,21901;2401036244,21910;2401031188,21978;2401036628,22011;2401039444,22032;2401035284,22086;2401034644,22125;2401037140,22202;2401035668,22237
2401039957,20039;2401037973,20053;2401036565,20055;2401039253,20056;2401033237,20079;2401031125,20083;2401030933,20106;2401036373,20173;2401035605,20221;2401032277,20245;2401034133,20282;2401030229,20354;2401039061,20406;2401039317,20462;2401032341,20596;2401037013,20663;2401035989,20738;2401038165,20771;2401038357,20929;2401038613,21062;2401037589,21079;2401039445,21085;2401036885,21105;2401037845,21185;2401030869,21248;2401039509,21272;2401032213,21356;2401032789,21498;2401033365,21591;2401038101,21656;2401030357,21686;2401036309,21780;2401034581,21818;2401039381,21866;2401036821,21905;2401039125,22124;2401034389,22157;2401030485,22236;2401030101,22269;2401035413,22276
2401035670,20122;2401036886,20151;2401039382,20178;2401034070,20196;2401038358,20206;2401034774,20236;2401039958,20250;2401033942,20368;2401033110,20383;2401038166,20405;2401036822,20590;2401032854,20633;2401033878,20691;2401036374,20714;2401036502,20823;2401037462,20857;2401039190,20878;2401032406,21016;2401039766,21063;2401039318,21111;2401031446,21202;2401038038,21283;2401038550,21380;2401031958,21514;2401039894,21543;2401032598,21655;2401035350,21688;2401033366,21840;2401030998,21859;2401036054,21873;2401034390,22007;2401030614,22034;2401038486,22074;2401036310,22130;2401031510,22188;2401039126,22234
2401032791,20097;2401031319,20145;2401039383,20182;2401036951,20233;2401033815,20283;2401038423,20356;2401035287,20391;2401036567,20409;2401039511,20456;2401038679,20509;2401033111,20836;2401033879,20933;2401032215,21052;2401035735,21053;2401036375,21060;2401030743,21101;2401034903,21127;2401034711,21246;2401037975,21262;2401030039,21367;2401030423,21451;2401038615,21624;2401032151,21738;2401037783,21921;2401030359,21934;2401035607,22023;2401035543,22108;2401038807,22153;2401035799,22205;2401032983,22238;2401036055,22251;2401033047,22254;2401031511,22332
2401030936,20008;2401035800,20016;2401038808,20031;2401032984,20069;2401031832,20095;2401032600,20143;2401031512,20153;2401037528,20171;2401033688,20232;2401037016,20242;2401038424,20254;2401037080,20309;2401034584,20402;2401037592,20434;2401030168,20543;2401039256,20601;2401038744,20619;2401030104,20625;2401037336,20679;2401031704,20760;2401036760,20847;2401034072,20866;2401036824,20906;2401035736,20957;2401038296,20979;2401035672,21136;2401037208,21292;2401032920,21365;2401036440,21465;2401034968,21536;2401035352,21670;2401036312,21691;2401035032,21710;2401032664,21814;2401037144,21822;2401033624,21894;2401039640,22067;2401032472,22078;2401035992,22167;2401032536,22173;2401038872,22181;2401034456,22186;2401039384,22319
2401038937,20004;2401033881,20043;2401037657,20096;2401039449,20129;2401036825,20273;2401038041,20334;2401031065,20365;2401039641,20421;2401036057,20623;2401033689,20631;2401034521,20809;2401030489,20819;2401031449,20908;2401039705,21010;2401030425,21059;2401038681,21088;2401033177,21146;2401037593,21268;2401039193,21282;2401035737,21291;2401039385,21382;2401032665,21587;2401037081,21730;2401032601,21764;2401035865,21770;2401034201,21781;2401039257,21863;2401033817,21865;2401033113,21996;2401038553,21998;2401039129,22017;2401033753,22085;2401039577,22102;2401031769,22109;2401038233,22295
2401031450,20033;2401037914,20089;2401037338,20199;2401038938,20246;2401039258,20284;2401031770,20442;2401032346,20454;2401036826,20519;2401030746,20531;2401033434,20689;2401031962,20698;2401031706,20712;2401035802,20724;2401036314,20748;2401037082,20754;2401037786,20990;2401032602,21013;2401031514,21057;2401031194,21181;2401033370,21208;2401031066,21267;2401035098,21293;2401034714,21333;2401038298,21336;2401034330,21438;2401036698,21441;2401038170,21521;2401030682,21562;2401036570,21566;2401039130,21617;2401032154,21628;2401030362,21671;2401038554,21693;2401039194,21729;2401034778,21746;2401036058,21803;2401035610,21860;2401036890,21932;2401038490,21971;2401033050,21986;2401035354,22004;2401032730,22101;2401037658,22116;2401035866,22166;2401037530,22195;2401030874,22225;2401035290,22270;2401033178,22289
2401037339,20002;2401034971,20169;2401033307,20361;2401036891,20468;2401035931,20475;2401037531,20483;2401038043,20541;2401033947,20618;2401038171,20640;2401037147,21157;2401037211,21159;2401035867,21171;2401038555,21317;2401030107,21497;2401035035,21596;2401033435,21697;2401035163,21745;2401032603,21844;2401036955,21867;2401036635,22071;2401032027,22123;2401039707,22331
2401035420,20088;2401033628,20175;2401032540,20180;2401033564,20191;2401035548,20209;2401038492,20275;2401033180,20443;2401031900,20562;2401033436,20599;2401032220,20721;2401031132,20798;2401031324,20843;2401030748,21022;2401033948,21113;2401037020,21155;2401038300,21224;2401036444,21269;2401030940,21454;2401032156,21504;2401031644,21563;2401034460,21599;2401036572,21600;2401031516,21744;2401034588,21755;2401031772,21795;2401034780,21948;2401036828,21970;2401034652,21990;2401034844,22012;2401031260,22112;2401037916,22334
2401032157,20062;2401036509,20305;2401039965,20470;2401038301,20628;2401030045,20731;2401035485,20814;2401036573,20852;2401037661,21149;2401039773,21161;2401032669,21196;2401039709,21214;2401037149,21219;2401035037,21309;2401034077,21323;2401039837,21341;2401031261,21429;2401038877,21478;2401031325,21502;2401032925,21544;2401034717,21554;2401035933,21645;2401035229,21696;2401037021,21711;2401035421,21774;2401031965,21788;2401037853,21992;2401035293,22050;2401039581,22055;2401032029,22113;2401034333,22126;2401035613,22169;2401030813,22208;2401037917,22321;2401030429,22340
2401030622,20158;2401035934,20243;2401032222,20290;2401033886,20332;2401035230,20413;2401035294,20429;2401038814,20459;2401036254,20508;2401030814,20523;2401038110,20569;2401036446,20585;2401037278,20673;2401031134,20685;2401033310,20790;2401037790,20854;2401037150,20894;2401033950,20931;2401034270,20976;2401035422,21025;2401034526,21141;2401036638,21188;2401039326,21316;2401036382,21390;2401039006,21419;2401037598,21460;2401036766,21489;2401036510,21506;2401034974,21602;2401033822,21704;2401037086,21707;2401033374,21718;2401039198,21720;2401032798,21775;2401039902,22118;2401035614,22161;2401039262,22192;2401034718,22281;2401039390,22304;2401032734,22330
2401036383,20007;2401038431,20164;2401033503,20210;2401038815,20230;2401030367,20269;2401032159,20317;2401032351,20395;2401036319,20419;2401038879,20600;2401038239,20648;2401033759,20703;2401037151,20730;2401032095,20733;2401030687,20891;2401037087,21009;2401039007,21046;2401030943,21094;2401039903,21176;2401031071,21180;2401035935,21288;2401035871,21385;2401032543,21449;2401032799,21462;2401038175,21652;2401031967,21663;2401037023,21724;2401031519,21801;2401037855,21823;2401037983,21869;2401030239,21876;2401031647,21972;2401039711,22039;2401039967,22105;2401030751,22107;2401033119,22128;2401030495,22162;2401038687,22180;2401033183,22268
2401038624,20032;2401039328,20186;2401034336,20219;2401032992,20241;2401032672,20253;2401030880,20293;2401036192,20318;2401031520,20428;2401037728,20608;2401035232,20776;2401035744,20837;2401035296,20863;2401038880,21038;2401031968,21103;2401036256,21123;2401038560,21215;2401035680,21257;2401039968,21446;2401033312,21481;2401036448,21525;2401035168,21556;2401030816,21603;2401033760,21715;2401036320,21752;2401034464,21793;2401038176,21824;2401035552,21839;2401037024,21889;2401038304,21922;2401035360,21923;2401036512,21949;2401030048,21963;2401030496,22215;2401035104,22230;2401032800,22272
2401039137,20001;2401032417,20036;2401033185,20049;2401031137,20247;2401030561,20373;2401032481,20404;2401036257,20482;2401032865,20547;2401031457,20620;2401033249,20622;2401038177,20642;2401035937,20678;2401039905,20693;2401032673,20723;2401035297,20789;2401033761,20899;2401031521,20948;2401031905,20969;2401037217,21004;2401035617,21078;2401032161,21099;2401033953,21210;2401032033,21235;2401036897,21319;2401036449,21351;2401034977,21358;2401037281,21414;2401030049,21473;2401037921,21559;2401033569,21633;2401031841,21678;2401036769,21757;2401032801,21854;2401039841,21861;2401033313,21930;2401034721,21931;2401032353,21977;2401038561,22013;2401039777,22149;2401034401,22163;2401039009,22267
2401037346,20127;2401031458,20152;2401035618,20292;2401037474,20385;2401035042,20411;2401036706,20418;2401035554,20447;2401034530,20639;2401038498,20732;2401037794,20739;2401033698,20752;2401035362,20939;2401033570,20966;2401035298,21011;2401030050,21037;2401032226,21145;2401036386,21222;2401031010,21297;2401039074,21408;2401034402,21413;2401038434,21444;2401031714,21564;2401031138,21629;2401037602,21692;2401038242,21883;2401036322,21913;2401030242,21926;2401034210,22044;2401032290,22137;2401035682,22164;2401038946,22175;2401031842,22178;2401039330,22214;2401037730,22258;2401033954,22310
2401035683,20087;2401034083,20248;2401032739,20507;2401031267,20550;2401035939,20581;2401037219,20614;2401038691,20651;2401031075,20655;2401036515,20816;2401033187,20820;2401038755,20848;2401037859,20865;2401036067,20917;2401038435,20963;2401035619,21026;2401039907,21042;2401038947,21173;2401030691,21247;2401033443,21277;2401038499,21370;2401030499,21448;2401039843,21464;2401034403,21524;2401039331,21608;2401038115,21611;2401031523,21734;2401036835,21759;2401037731,21936;2401033891,22057;2401038051,22120;2401038243,22147
2401032996,20010;2401037348,20011;2401031716,20137;2401037924,20183;2401032676,20204;2401037092,20212;2401035108,20228;2401037860,20277;2401038052,20288;2401033380,20314;2401032868,20336;2401037476,20431;2401035620,20463;2401036004,20489;2401034852,20515;2401033444,20597;2401034532,20607;2401032804,20672;2401036068,20707;2401031524,20779;2401030180,20796;2401039716,20887;2401032356,20889;2401034404,20942;2401031972,20972;2401032228,21000;2401033060,21129;2401034724,21189;2401035812,21204;2401034468,21245;2401039652,21276;2401035172,21345;2401036388,21399;2401031076,21455;2401035044,21467;2401036900,21552;2401031140,21615;2401032036,21626;2401034916,21761;2401031396,21953;2401038500,22041;2401036836,22229
2401038373,20057;2401035877,20218;2401035173,20258;2401030629,20331;2401031717,20337;2401038437,20349;2401039205,20384;2401033893,20399;2401031909,20487;2401036581,20533;2401039909,20593;2401039653,20740;2401035045,21121;2401031589,21193;2401030885,21234;2401032293,21243;2401030245,21405;2401032613,21507;2401036517,21580;2401035237,21637;2401038053,21648;2401031973,21742;2401038117,21790;2401039717,21890;2401030949,22024;2401035685,22189;2401035493,22298
2401037414,20104;2401036774,20149;2401035686,20167;2401039398,20170;2401033382,20322;2401031654,20380;2401033574,20426;2401033254,20440;2401036134,20499;2401035942,20534;2401034086,20637;2401037478,20871;2401036390,20911;2401038694,20938;2401034598,20945;2401039078,21006;2401039014,21008;2401033190,21014;2401036198,21082;2401036518,21110;2401039910,21167;2401036646,21280;2401037542,21404;2401035302,21434;2401037030,21437;2401035878,21468;2401039270,21495;2401036838,21588;2401030182,21695;2401038630,21703;2401035494,21829;2401038950,21940;2401037094,21956;2401034214,21965;2401033702,22000;2401030566,22035;2401038182,22038;2401032230,22047;2401037990,22089;2401039590,22185;2401030118,22198;2401032870,22240;2401039974,22242;2401033510,22264;2401032038,22266;2401038246,22303
2401032103,20041;2401034023,20274;2401035815,20324;2401036583,20370;2401030119,20415;2401033895,20561;2401036391,20586;2401038183,20665;2401035687,20716;2401039975,20799;2401039527,20839;2401036007,20840;2401034279,21081;2401033255,21117;2401033447,21178;2401039271,21289;2401036967,21299;2401030631,21304;2401037479,21314;2401035239,21411;2401032743,21551;2401030887,21586;2401032935,21732;2401034855,21773;2401032551,21960;2401035879,22015;2401030823,22088;2401034215,22152;2401035751,22322
2401037288,20000;2401034088,20141;2401031976,20144;2401039528,20195;2401034216,20268;2401038312,20364;2401038952,20410;2401038504,20423;2401038888,20427;2401035880,20492;2401030504,20512;2401038632,20546;2401036456,20808;2401032872,20838;2401037480,20842;2401033384,20853;2401038568,20916;2401030440,21044;2401032680,21061;2401031400,21114;2401039592,21131;2401039272,21138;2401031272,21212;2401032104,21216;2401036136,21427;2401031912,21553;2401031144,21558;2401034664,21570;2401031592,21699;2401037544,21706;2401036776,21843;2401035752,21868;2401036200,22083;2401030824,22122;2401034472,22193;2401035816,22207;2401030248,22216;2401035304,22228;2401033064,22324
2401032681,20014;2401034665,20024;2401032361,20200;2401033769,20326;2401036585,20360;2401031849,20486;2401034025,20525;2401038953,20580;2401034153,20650;2401032233,20669;2401035817,20722;2401035369,20735;2401039081,20743;2401031017,20750;2401035625,20956;2401038505,21056;2401031529,21083;2401038057,21340;2401039913,21534;2401034089,21618;2401038569,21636;2401037609,21682;2401032873,21685;2401034793,21689;2401039337,21741;2401039721,22021;2401036329,22049;2401033641,22150;2401037929,22203;2401037161,22290
2401037482,20027;2401037738,20071;2401038826,20213;2401036970,20229;2401031082,20255;2401033770,20435;2401033258,20461;2401030698,20480;2401030506,20505;2401030762,20513;2401032426,20518;2401037354,20535;2401033834,20565;2401036586,20616;2401035562,20624;2401031594,20896;2401034346,20947;2401030186,20977;2401038506,20988;2401033066,20996;2401036650,21036;2401039530,21050;2401033962,21086;2401031338,21154;2401033898,21169;2401034602,21260;2401036330,21359;2401031018,21431;2401037802,21442;2401039466,21546;2401035690,21579;2401034410,21583;2401036778,21585;2401035754,21657;2401038250,21664;2401039594,21709;2401039146,21804;2401031146,21819;2401033002,21909;2401036010,22094;2401034090,22278;2401034026,22292
2401032875,20022;2401036971,20084;2401031531,20099;2401031787,20147;2401036267,20264;2401033195,20315;2401031275,20382;2401034795,20630;2401033579,20782;2401036395,20784;2401034667,20788;2401036843,20794;2401037611,20867;2401039083,20886;2401034283,20903;2401037675,20940;2401030315,21045;2401036331,21097;2401033067,21182;2401033131,21217;2401030827,21308;2401032747,21377;2401035819,21424;2401035883,21433;2401035563,21482;2401039275,21522;2401032043,21627;2401030059,21653;2401032939,21690;2401030699,21727;2401039403,21731;2401035755,21786;2401033771,21812;2401030251,21855;2401036075,21918;2401036779,21962;2401037291,21991;2401038571,22103;2401035179,22127;2401036587,22131;2401038443,22197;2401037099,22209;2401036011,22210;2401035307,22274;2401037803,22312;2401036651,22318;2401031851,22337;2401034027,22338;2401032171,22341
2401034988,20117;2401031532,20119;2401031724,20160;2401031148,20187;2401031468,20256;2401036460,20261;2401038700,20346;2401039980,20377;2401032684,20394;2401033260,20465;2401034156,20524;2401033900,20582;2401034668,20606;2401031596,20647;2401037612,20660;2401030764,20681;2401033388,20749;2401039340,20801;2401039404,20877;2401033644,20897;2401039532,20902;2401035372,20910;2401039916,20923;2401034604,21054;2401039148,21092;2401033452,21104;2401034860,21213;2401039468,21286;2401038060,21400;2401030188,21452;2401039596,21490;2401037996,21609;2401034348,21620;2401035180,21666;2401033004,21778;2401036076,21928;2401037356,22033;2401032876,22063;2401036396,22096;2401037420,22206;2401035692,22219
2401039533,20109;2401030701,20323;2401031597,20339;2401033325,20397;2401034669,20439;2401037357,20553;2401030317,20570;2401038893,20577;2401036077,20626;2401039021,20699;2401034797,20711;2401032365,20767;2401038125,20813;2401036141,20862;2401033197,20893;2401036269,21030;2401036973,21200;2401039213,21242;2401031277,21273;2401037101,21287;2401030061,21324;2401036397,21406;2401031981,21598;2401036781,21605;2401038701,21647;2401033901,21782;2401038189,21806;2401034861,21917;2401035245,21969;2401036333,21976;2401030381,22064;2401032941,22233;2401035437,22244;2401031213,22255;2401030637,22294;2401032045,22313
2401030574,20003;2401034094,20059;2401038766,20223;2401031534,20272;2401030510,20286;2401032174,20296;2401031022,20338;2401039662,20401;2401038254,20416;2401032942,20466;2401037742,20549;2401030638,20591;2401032110,20613;2401031150,20632;2401035950,20700;2401032046,20833;2401034606,20880;2401035310,20885;2401032558,20924;2401030254,20930;2401036526,21029;2401039790,21098;2401033070,21122;2401034862,21230;2401036654,21233;2401032622,21264;2401033902,21392;2401033454,21505;2401038830,21567;2401031470,21771;2401035630,21821;2401035246,21827;2401036718,21947;2401036782,21957;2401033838,22020;2401039726,22048;2401035566,22053;2401031982,22070
2401034927,20154;2401039023,20755;2401037231,20786;2401036911,20829;2401034095,20832;2401034159,20855;2401032239,20926;2401039471,20943;2401031791,20954;2401038639,21028;2401037487,21076;2401036975,21144;2401034415,21191;2401037615,21274;2401031471,21275;2401034223,21301;2401036655,21326;2401030383,21673;2401039279,21828;2401032815,22014;2401039215,22054;2401038831,22065;2401032367,22213;2401032111,22305
2401034544,20048;2401034928,20058;2401036976,20252;2401036656,20260;2401030000,20278;2401033840,20280;2401031408,20310;2401036528,20424;2401036784,20649;2401036912,20662;2401033904,20812;2401032496,20898;2401033200,20936;2401037680,21041;2401030064,21209;2401036080,21279;2401031216,21298;2401038896,21311;2401036016,21320;2401034416,21383;2401036400,21394;2401032240,21396;2401039024,21488;2401036720,21501;2401037872,21541;2401039984,21549;2401031728,21568;2401038640,21595;2401030768,21604;2401038576,21621;2401031792,21634;2401033392,21650;2401031600,21805;2401037936,21826;2401031344,21903;2401034864,21955;2401038832,22060;2401033008,22141;2401038384,22165;2401032816,22286
2401030513,20026;2401031217,20244;2401037041,20267;2401036465,20408;2401032369,20460;2401033393,20530;2401031345,20539;2401032817,20589;2401032305,20638;2401033009,20680;2401033329,20717;2401036337,20778;2401030193,20984;2401038321,21126;2401034865,21140;2401038449,21195;2401037617,21205;2401035313,21253;2401030385,21261;2401036017,21355;2401033521,21443;2401035569,21713;2401031793,21762;2401037553,21892;2401032881,21954;2401031089,21967;2401038961,22194;2401033777,22296;2401034289,22326
2401033074,20013;2401031986,20067;2401033906,20208;2401035762,20333;2401036530,20517;2401038578,20571;2401035314,20621;2401032370,20688;2401033650,20696;2401038258,20737;2401035442,20792;2401039090,20802;2401030834,20826;2401030258,20904;2401033202,20912;2401032178,20964;2401032754,20982;2401034738,20993;2401037874,21125;2401035698,21174;2401039474,21199;2401030130,21249;2401031602,21285;2401031730,21302;2401036274,21332;2401031410,21376;2401034034,21395;2401031090,21403;2401034226,21573;2401037426,21733;2401032050,21750;2401037618,21833;2401032882,21888;2401039602,21958;2401030386,21993;2401031922,22037;2401033138,22059;2401036722,22177;2401033458,22293;2401035250,22297;2401039282,22329
2401037107,20064;2401033395,20216;2401030451,20222;2401032819,20240;2401033971,20325;2401034419,20400;2401033459,20438;2401035123,20511;2401033715,20568;2401030003,20610;2401032179,20636;2401032691,20715;2401034867,20941;2401032307,20955;2401033907,20992;2401030707,21018;2401037875,21225;2401031923,21226;2401039155,21321;2401034035,21529;2401030643,21557;2401037619,21712;2401034355,21725;2401039475,21743;2401038067,21813;2401031347,21858;2401031603,21874;2401031475,21885;2401037939,21919;2401032435,21939;2401039027,21964;2401031987,22062;2401032627,22249;2401031795,22283
2401032628,20091;2401033076,20093;2401034868,20102;2401034356,20201;2401039604,20445;2401037428,20469;2401031348,20521;2401039028,20538;2401030516,20664;2401034164,20766;2401030772,20818;2401032372,20825;2401035956,20844;2401033844,20995;2401036468,21115;2401033332,21143;2401034292,21201;2401031284,21221;2401032180,21284;2401038324,21300;2401039348,21375;2401036084,21393;2401038964,21410;2401030004,21420;2401036020,21430;2401031220,21477;2401034036,21584;2401033460,21590;2401039988,21765;2401030388,21776;2401038836,21817;2401037364,21935;2401038452,21943;2401034420,22068;2401039668,22084;2401030900,22288
2401034613,20120;2401036085,20165;2401037045,20166;2401032181,20285;2401032629,20297;2401038453,20437;2401038581,20481;2401031925,20658;2401033525,20687;2401039989,20719;2401036021,20741;2401038069,20762;2401034165,20817;2401030517,20864;2401034677,20922;2401032117,20975;2401031093,20986;2401034421,20989;2401033845,21132;2401033077,21162;2401039861,21166;2401036469,21198;2401030901,21342;2401036917,21418;2401034101,21435;2401032501,21459;2401034485,21466;2401035061,21483;2401039541,21530;2401033781,21539;2401036789,21601;2401039157,21739;2401033397,21763;2401037365,21785;2401036341,21802;2401030837,21850;2401039349,21908;2401032437,22030;2401036533,22119;2401038709,22284;2401039733,22311;2401038901,22317
2401032758,20029;2401036598,20111;2401030134,20184;2401038646,20271;2401038198,20289;2401034678,20355;2401033398,20728;2401038070,20761;2401030390,20851;2401031350,20890;2401030006,21055;2401030518,21084;2401036406,21118;2401034102,21152;2401038518,21187;2401039286,21203;2401030198,21258;2401032950,21266;2401039798,21318;2401033590,21368;2401031542,21422;2401037046,21736;2401036534,21751;2401038006,21800;2401034422,21842;2401031798,21897;2401034166,21914;2401030262,21942;2401034614,21944;2401035382,22073;2401039478,22081;2401038390,22097;2401033718,22139;2401033078,22171;2401034998,22226;2401031094,22323
2401031031,20020;2401039287,20028;2401034103,20068;2401030007,20075;2401034039,20123;2401034167,20130;2401036023,20163;2401039735,20235;2401030263,20306;2401032631,20343;2401039671,20367;2401035255,20389;2401039095,20433;2401038007,20563;2401030839,20605;2401034551,20611;2401032567,20635;2401035063,20661;2401036407,20676;2401030135,20686;2401038071,20781;2401039415,20783;2401030903,20785;2401034295,20960;2401034359,21172;2401031735,21238;2401036855,21250;2401033719,21371;2401038327,21450;2401034615,21560;2401037431,21577;2401030711,21613;2401031671,21658;2401038647,21681;2401037687,21684;2401037175,21779;2401036663,21787;2401032439,21941;2401036151,21995;2401037943,22005;2401035447,22158;2401031543,22248;2401036215,22282
2401030200,20073;2401031864,20134;2401032824,20168;2401039608,20251;2401039224,20270;2401038328,20313;2401035192,20381;2401038264,20467;2401037688,20473;2401039480,20494;2401034360,20495;2401038776,20528;2401033784,20572;2401037176,20701;2401039992,20758;2401033016,20795;2401039800,20804;2401034040,20849;2401033400,20991;2401037496,21034;2401033592,21102;2401031352,21116;2401037816,21256;2401035064,21361;2401037240,21378;2401030840,21389;2401033720,21532;2401035320,21533;2401030136,21594;2401036152,21676;2401030712,21810;2401035128,21872;2401030776,21951;2401036728,22027;2401036088,22040;2401032696,22155;2401037560,22174;2401036408,22201;2401036216,22280
2401039481,20066;2401032441,20311;2401031161,20316;2401031289,20372;2401038201,20536;2401034425,20725;2401030265,20875;2401039289,20967;2401037497,21048;2401034041,21058;2401036281,21066;2401035321,21087;2401030137,21106;2401036473,21139;2401033785,21270;2401030073,21325;2401037113,21496;2401037049,21517;2401032761,21622;2401032889,21807;2401033081,21851;2401035577,21904;2401032249,21984;2401032697,22006;2401038009,22009;2401039417,22106;2401039353,22172
2401039226,20005;2401030586,20113;2401034746,20115;2401032250,20136;2401036602,20157;2401035770,20291;2401032314,20328;2401033082,20425;2401037754,20449;2401036474,20557;2401031994,20575;2401035194,20578;2401035130,20594;2401031738,20634;2401037306,20641;2401037818,20674;2401035514,20888;2401037882,20946;2401037178,21051;2401034874,21075;2401039354,21100;2401033594,21305;2401033530,21387;2401030778,21428;2401039034,21436;2401038010,21485;2401039290,21547;2401034106,21576;2401031290,21632;2401033978,21667;2401033402,21864;2401039994,21915;2401038202,21975;2401038330,22159;2401037370,22168;2401036538,22227;2401039162,22253;2401031226,22277;2401030842,22309;2401032890,22333
2401032955,20015;2401039931,20035;2401039227,20040;2401035387,20065;2401031419,20430;2401036731,20446;2401032635,20485;2401033211,20498;2401032571,20520;2401033339,20522;2401034555,20598;2401033147,20644;2401038587,20811;2401039675,20869;2401034299,20874;2401033851,20928;2401031995,20978;2401032187,20998;2401034683,21156;2401036987,21165;2401038971,21259;2401031675,21363;2401033787,21425;2401036795,21528;2401039867,21610;2401034747,21687;2401031099,21716;2401035451,21747;2401034939,21797;2401031931,21832;2401030587,21988;2401039035,22001;2401034491,22025;2401039611,22098;2401038203,22156;2401031035,22243;2401038651,22250;2401033403,22260
2401036988,20019;2401035324,20023;2401030204,20063;2401033148,20133;2401036732,20135;2401033084,20422;2401038844,20455;2401038204,20529;2401038076,20675;2401037564,20729;2401039804,20745;2401038780,20800;2401039612,20806;2401031868,20834;2401032124,20935;2401032828,21040;2401035196,21049;2401038908,21069;2401037692,21108;2401038460,21147;2401035836,21334;2401039164,21339;2401032060,21366;2401034236,21456;2401035068,21581;2401034364,21714;2401037180,21816;2401039740,21841;2401037372,21982;2401032636,22019;2401034812,22029;2401032380,22046;2401035132,22076;2401032572,22138;2401038332,22151;2401035772,22154;2401030908,22170;2401035708,22190;2401033916,22218;2401031612,22271;2401031100,22285;2401036668,22336
2401033597,20239;2401033213,20262;2401033917,20302;2401037117,20451;2401039037,20479;2401033021,20496;2401034301,20726;2401038397,20736;2401039741,20763;2401034045,20777;2401034365,20791;2401032509,20807;2401031293,20845;2401036477,20846;2401034173,20927;2401033981,20949;2401036349,21012;2401036285,21033;2401035773,21035;2401035133,21090;2401031101,21109;2401030781,21310;2401033533,21354;2401038781,21407;2401032061,21480;2401032573,21540;2401031549,21571;2401036221,21635;2401038461,21639;2401032381,21728;2401037437,21740;2401031869,21871;2401039357,21884;2401036989,21898;2401032445,21989;2401037053,22028;2401036093,22031;2401037181,22042;2401039101,22069;2401035901,22339
2401031166,20060;2401039934,20061;2401038270,20077;2401033982,20140;2401032126,20155;2401030654,20198;2401035390,20207;2401031102,20281;2401030014,20307;2401036286,20341;2401037502,20348;2401034750,20357;2401039038,20403;2401034174,20432;2401036926,20554;2401037374,20587;2401035774,20643;2401038590,20704;2401038526,20907;2401034302,20918;2401038334,20965;2401036094,21077;2401035070,21281;2401036478,21362;2401036350,21423;2401033534,21510;2401038782,21572;2401032702,21597;2401033278,21606;2401034942,21760;2401037566,21809;2401038718,21862;2401033726,21870;2401038206,21997;2401036606,22043;2401034686,22121;2401032446,22183;2401036222,22187;2401034494,22191;2401035966,22224
2401038655,20081;2401034367,20128;2401035967,20188;2401030847,20225;2401036223,20257;2401033535,20503;2401030015,20516;2401039359,20542;2401030719,20552;2401038911,20583;2401038783,20604;2401035327,20645;2401036607,20654;2401035775,20671;2401036671,20710;2401034303,20768;2401036351,20850;2401031039,20876;2401036799,20882;2401036095,20895;2401033663,21160;2401032383,21183;2401033343,21294;2401030271,21328;2401039103,21402;2401030399,21523;2401037823,21569;2401038143,21651;2401038463,21701;2401031359,21845;2401031615,22066;2401034751,22111;2401039551,22114;2401036991,22179;2401036543,22211
